13,135
13,134
13,133
13,132
13,131
13,130
13,129
13,128
13,127
13,126
13,125
13,124
13,123
13,122
13,121
13,120
13,119
13,118
13,117
13,116
13,115
13,114
13,113
13,112
13,111
13,110
13,109
13,108
13,107
13,106
13,105
13,104
13,103
13,102
13,101
13,100
13,99
13,98
13,97
13,96
13,95
13,94
13,93
13,92
13,91
13,90
13,89
13,88
13,87
13,86
13,85
13,84
13,83
13,82
13,81
13,80
13,79
13,78
13,77
13,76
13,75
13,74
13,73
13,72
13,71
13,70
13,69
13,68
13,67
13,66
13,65
13,64
13,63
13,62
13,61
13,59
13,58
13,57
13,56
13,55
13,54
13,53
13,52
13,51
13,50
13,49
13,48
13,47
13,46
13,45
13,44
13,43
13,42
13,41
13,40
13,39
13,38
13,37
13,36
13,35
13,34
13,33
13,32
13,31
13,30
13,29
13,28
13,27
13,26
13,25
13,24
13,23
13,22
13,21
13,20
13,19
13,18
13,17
13,16
13,15
13,14
13,13
13,12
13,11
13,10
13,9
13,8
13,7
13,6
13,5
13,4
13,3
13,2
13,1
13,0
12,4
12,3
12,2
12,1
12,0
11,9
11,8
11,7
11,6
11,5
11,4
11,3
11,2
11,1
11,0
10,4
10,3
10,2
10,1
10,0
9,6
9,5
9,4
9,3
9,2
9,1
9,0
8,5
8,4
8,3
8,2
8,1
8,0
5,74
5,73
5,72
5,71
5,70
5,69
5,68
5,67
5,66
5,65
5,64
5,35
5,34
5,33
5,32
5,31
5,30
5,29
5,28
5,27
5,26
5,25
5,24
5,23
5,22
5,21
5,20
5,19
5,18
5,17
5,16
5,15
5,14
5,13
5,12
5,11
5,10
5,9
5,8
5,7
5,6
5,5
5,2
5,0
3,2
5,4
2,2
1,2
5,3
0,61
0,60
4,3
0,59
0,57
0,56
0,52
0,51
7,3
0,9
0,2
13,136
13,137
13,139
13,256
13,258
13,259
13,261
13,263
13,264
13,266
13,267
13,269
13,271
13,272
13,274
13,275
13,277
13,278
14,0
14,2
14,3
15,0
15,1
15,3
16,0
16,1
16,3
17,0
17,2
17,3
18,0
18,2
18,3
18,5
19,0
19,2
19,4
19,5
19,7
19,8
19,10
20,0
20,2
20,4
20,5
20,7
21,0
21,2
21,4
22,0
22,3
22,4
22,6
22,9
23,0
23,2
23,3
23,5
24,0
24,2
24,4
24,5
25,0
25,1
25,3
26,0
26,1
26,3
26,4
27,1
27,2
27,4
28,0
28,1
28,3
29,0
29,2
29,4
29,5
30,2
30,3
30,5
30,6
30,8
30,10
30,11
30,13
31,0
31,2
31,4
32,0
32,2
32,3
33,1
33,3
33,4
34,1
34,2
34,4
34,5
35,1
35,3
36,0
36,2
36,3
37,1
37,3
37,4
38,1
38,2
38,4
38,5
39,0
39,2
39,3
39,5
40,0
40,2
40,4
40,5
41,1
41,2
41,4
41,5
42,1
42,3
42,4
43,0
43,1
43,3
43,5
43,6
44,1
44,2
44,4
44,5
45,1
45,3
45,4
46,1
46,2
46,4
47,1
47,2
47,4
47,5
48,1
48,3
48,4
48,6
49,0
49,2
49,3
49,5
50,0
50,1
50,3
50,4
50,6
51,1
51,2
51,4
51,5
51,7
51,8
51,10
51,12
51,13
51,15
51,16
51,18
52,1
52,2
52,4
52,5
53,1
53,2
53,4
53,6
54,0
54,2
54,3
54,5
54,7
55,0
55,2
55,3
56,0
56,2
56,3
56,5
56,6
56,8
56,9
57,1
57,3
57,4
58,0
58,1
58,3
58,5
58,6
59,1
59,2
59,4
59,5
60,1
60,3
60,4
61,1
61,2
61,4
62,2
62,3
62,5
63,0
63,2
63,3
64,0
64,2
64,3
65,1
65,2
65,4
65,6
65,7
66,0
66,1
66,3
66,4
67,1
67,3
68,0
68,2
68,3
69,0
69,2
69,3
70,0
70,1
70,3
71,1
71,2
71,4
71,5
72,0
72,1
72,3
72,5
72,6
73,0
73,1
73,3
73,5
74,0
74,2
74,3
74,5
75,0
75,2
76,0
76,1
76,3
76,4
77,4
78,1
78,2
78,4
78,5
78,9
78,11
79,0
79,2
79,3
80,0
80,1
80,3
80,5
81,0
81,2
81,3
81,5
82,1
82,2
82,4
83,0
83,2
83,3
84,0
84,2
84,3
84,5
85,0
85,2
85,4
85,5
85,7
86,0
86,2
86,3
86,5
86,7
87,0
87,2
87,3
87,5
88,0
88,1
88,3
88,4
89,0
89,1
89,3
89,6
90,0
90,2
90,3
90,5
91,0
91,1
91,3
91,4
92,1
92,3
92,4
93,1
93,2
93,4
94,0
94,2
94,4
94,5
95,1
95,2
95,4
96,0
96,1
96,3
96,4
97,1
97,2
97,4
98,1
98,2
98,4
98,5
99,0
99,2
99,3
100,1
100,2
100,4
100,5
101,0
101,2
101,3
101,5
101,6
102,1
102,3
102,4
102,6
102,7
102,9
102,10
102,12
102,14
102,15
102,17
102,18
102,20
102,22
102,23
102,25
102,26
102,28
102,30
102,31
102,33
102,34
102,36
103,0
103,2
103,4
103,5
104,0
104,1
104,3
105,1
105,2
105,4
106,0
106,2
106,3
106,5
107,1
107,2
107,4
108,0
108,2
108,4
109,0
109,2
109,3
110,1
110,2
110,4
111,0
111,1
111,3
111,4
112,0
112,2
112,3
113,0
113,1
113,3
113,5
114,0
114,2
114,3
115,0
115,1
115,3
116,0
116,1
116,3
116,4
117,1
117,3
117,4
118,1
118,2
118,4
119,0
119,2
119,4
120,0
120,2
120,3
121,0
121,2
121,3
122,0
122,1
122,3
122,4
123,1
123,3
123,4
124,1
124,2
124,4
125,1
125,2
125,4
126,0
126,2
126,3
127,0
127,2
127,3
128,0
128,1
128,3
129,0
129,1
129,3
129,4
130,1
130,3
131,0
131,2
131,3
131,5
131,6
131,8
132,0
132,1
132,3
133,0
133,2
134,0
134,1
134,3
134,4
135,0
135,1
135,3
136,0
136,1
136,3
136,4
137,1
137,3
138,0
138,2
138,3
139,1
139,2
139,4
140,0
140,1
140,3
140,4
141,0
141,2
141,3
142,0
142,1
142,3
143,0
143,1
143,3
144,0
144,2
144,3
145,1
145,3
145,4
146,1
146,2
146,4
147,0
147,1
147,3
147,4
148,0
148,1
148,3
148,5
149,0
149,2
149,3
149,5
149,7
150,0
150,2
150,3
151,1
151,2
151,4
152,1
152,2
152,4
152,5
153,0
153,2
153,3
153,5
153,6
154,0
154,1
154,3
155,0
155,1
155,3
155,4
156,1
156,3
156,4
157,1
157,2
157,4
158,0
158,1
158,3
158,4
158,6
159,0
159,2
159,4
159,5
160,1
160,2
160,4
161,0
161,1
161,3
161,4
162,0
162,1
162,3
162,5
162,6
163,1
163,2
163,4
164,0
164,1
164,3
164,4
165,1
165,2
165,4
166,0
166,1
166,3
167,0
167,2
168,0
168,1
168,3
169,0
169,2
169,4
170,0
170,2
170,3
171,0
171,1
171,3
171,5
172,0
172,2
172,3
172,5
173,1
173,2
173,4
174,0
174,2
174,3
175,1
175,3
176,0
176,2
176,3
177,0
177,2
177,3
178,0
178,1
178,3
178,4
179,1
179,3
179,4
180,1
180,2
180,4
181,1
181,2
181,4
182,0
182,2
182,4
182,5
183,1
183,2
183,4
184,0
184,2
185,0
185,1
185,3
185,4
186,0
186,2
186,3
186,1
185,5
185,2
184,3
184,1
183,3
183,0
182,3
182,1
181,3
181,0
180,3
180,0
179,2
179,0
178,2
177,4
177,1
176,4
176,1
175,2
175,0
174,1
173,3
173,0
172,4
172,1
171,4
171,2
170,4
170,1
169,3
169,1
168,2
167,3
167,1
166,2
165,5
165,3
165,0
164,2
163,5
163,3
163,0
162,4
162,2
161,5
161,2
160,5
160,3
160,0
159,3
159,1
158,5
158,2
157,5
157,3
157,0
156,2
156,0
155,2
154,4
154,2
153,7
153,4
153,1
152,6
152,3
152,0
151,3
151,0
150,1
149,6
149,4
149,1
148,4
148,2
147,5
147,2
146,5
146,3
146,0
145,2
145,0
144,1
143,2
142,4
142,2
141,4
141,1
140,5
140,2
139,5
139,3
139,0
138,1
137,2
137,0
136,2
135,4
135,2
134,5
134,2
133,3
133,1
132,2
131,9
131,7
131,4
131,1
130,2
130,0
129,2
128,4
128,2
127,4
127,1
126,4
126,1
125,3
125,0
124,3
124,0
123,2
123,0
122,2
121,4
121,1
120,4
120,1
119,3
119,1
118,3
118,0
117,2
117,0
116,2
115,4
115,2
114,4
114,1
113,4
113,2
112,4
112,1
111,5
111,2
110,5
110,3
110,0
109,1
108,3
108,1
107,3
107,0
106,4
106,1
105,3
105,0
104,2
103,6
103,3
103,1
102,35
102,32
102,29
102,27
102,24
102,21
102,19
102,16
102,13
102,11
102,8
102,5
102,2
102,0
101,4
101,1
100,6
100,3
100,0
99,1
98,6
98,3
98,0
97,3
97,0
96,2
95,5
95,3
95,0
94,3
94,1
93,3
93,0
92,2
92,0
91,2
90,6
90,4
90,1
89,5
89,2
88,5
88,2
87,6
87,4
87,1
86,6
86,4
86,1
85,6
85,3
85,1
84,4
84,1
83,4
83,1
82,3
82,0
81,4
81,1
80,4
80,2
79,4
79,1
78,12
78,7
78,3
78,0
77,3
76,2
75,3
75,1
74,4
74,1
73,4
73,2
72,7
72,4
72,2
71,6
71,3
71,0
70,2
69,4
69,1
68,4
68,1
67,2
67,0
66,2
65,8
65,5
65,3
65,0
64,1
63,4
63,1
62,4
62,0
61,3
61,0
60,2
60,0
59,3
59,0
58,4
58,2
57,6
57,2
57,0
56,7
56,4
56,1
55,4
55,1
54,6
54,4
54,1
53,5
53,3
53,0
52,3
52,0
51,17
51,14
51,11
51,9
51,6
51,3
51,0
50,5
50,2
49,6
49,4
49,1
48,5
48,2
48,0
47,3
47,0
46,3
46,0
45,2
45,0
44,3
44,0
43,4
43,2
42,5
42,2
42,0
41,3
41,0
40,3
40,1
39,4
39,1
38,6
38,3
38,0
37,2
37,0
36,1
35,2
35,0
34,3
34,0
33,2
33,0
32,1
31,3
31,1
30,12
30,9
30,7
30,4
30,0
29,3
29,1
28,2
27,5
27,3
27,0
26,2
25,4
25,2
24,6
24,3
24,1
23,4
23,1
22,7
22,5
22,2
21,3
21,1
20,6
20,3
20,1
19,9
19,6
19,3
19,1
18,4
18,1
17,4
17,1
16,2
15,4
15,2
14,4
14,1
13,319
13,276
13,273
13,270
13,268
13,265
13,262
13,260
13,257
13,138
0,251
0,58
0,54
0,63
1,45
3,44
2,44
1,44
3,43
2,43
1,43
3,42
2,42
1,42
3,41
2,41
1,41
3,40
2,40
1,40
3,39
2,39
1,39
3,38
2,38
1,38
3,37
2,37
1,37
3,36
2,36
1,36
3,35
2,35
1,35
3,34
2,34
1,34
3,33
2,33
1,33
3,32
2,32
1,32
3,31
2,31
1,31
3,30
2,30
1,30
3,29
2,29
1,29
3,28
2,28
1,28
3,27
2,27
1,27
3,26
2,26
1,26
3,25
2,25
1,25
3,24
2,24
1,24
3,23
2,23
1,23
3,22
2,22
1,22
3,21
2,21
1,21
3,20
2,20
1,20
3,19
2,19
1,19
3,18
2,18
1,18
3,17
2,17
1,17
3,16
2,16
1,16
3,15
2,15
1,15
3,14
2,14
1,14
3,13
2,13
1,13
3,12
2,12
1,12
3,11
2,11
1,11
3,10
2,10
1,10
3,9
2,9
1,9
3,8
2,8
1,8
3,7
2,7
1,7
3,6
2,6
1,6
3,5
2,5
1,5
3,4
2,4
1,4
3,3
3,0
2,3
2,0
1,3
1,0
0,6
0,0
0,47
0,46
0,49
0,48
0,45
0,55
0,12
0,50
0,10
0,62
0,8
0,53
0,11
0,5
0,7
0,4
0,3
